;Device   MAC (hex)            SNET  SADR (hex)           APDU
;-------- -------------------- ----- -------------------- ----
  2099236 0A:15:50:24:BA:C2    0     00                   1476
  2099232 0A:15:50:20:BA:C2    0     00                   1476
  2099235 0A:15:50:23:BA:C2    0     00                   1476
  2099237 0A:15:50:25:BA:C3    0     00                   1476
  2099233 0A:15:50:21:BA:C3    0     00                   1476
  2099234 0A:15:50:22:BA:C3    0     00                   1476
  4188474 0A:15:50:27:BA:C5    0     00                   1476
  2098210 0A:15:AB:2C:BA:C0    0     00                   480
  100     0A:15:AB:67:BA:C0    0     00                   480
  101     0A:15:AB:68:BA:C0    0     00                   480
  2450001 0A:15:AB:5B:BA:C0    1100  00:00:00:00:00:01    1476
  2450002 0A:15:AB:5B:BA:C0    1100  00:00:00:00:00:02    1476
  2450003 0A:15:AB:5B:BA:C0    1100  00:00:00:00:00:03    1476
  2098213 0A:15:AB:5E:BA:C0    0     00                   1476
  2450016 0A:15:AB:5E:BA:C0    1100  00:00:00:00:00:02    1476
  2450015 0A:15:AB:5E:BA:C0    1100  00:00:00:00:00:01    1476
  2098211 0A:15:AB:5C:BA:C0    0     00                   1476
  2450012 0A:15:AB:5C:BA:C0    1100  00:00:00:00:00:02    1476
  2450011 0A:15:AB:5C:BA:C0    1100  00:00:00:00:00:01    1476
  2098212 0A:15:AB:5D:BA:C0    0     00                   1476
  2450014 0A:15:AB:5D:BA:C0    1100  00:00:00:00:00:02    1476
  2450013 0A:15:AB:5D:BA:C0    1100  00:00:00:00:00:01    1476
  2098201 0A:15:AB:1B:BA:C0    0     00                   1476
  2098180 0A:15:AB:05:BA:C0    0     00                   1476
  2098197 0A:15:AB:16:BA:C0    0     00                   1476
  2098187 0A:15:AB:0C:BA:C0    0     00                   1476
  2098182 0A:15:AB:07:BA:C0    0     00                   1476
  2098191 0A:15:AB:10:BA:C0    0     00                   1476
  2098177 0A:15:AB:02:BA:C0    0     00                   1476
  2098199 0A:15:AB:18:BA:C0    0     00                   1476
  2098188 0A:15:AB:0D:BA:C0    0     00                   1476
  2098192 0A:15:AB:11:BA:C0    0     00                   1476
  2098189 0A:15:AB:0E:BA:C0    0     00                   1476
  2098181 0A:15:AB:06:BA:C0    0     00                   1476
  2098190 0A:15:AB:0F:BA:C0    0     00                   1476
  2098178 0A:15:AB:03:BA:C0    0     00                   1476
  2098194 0A:15:AB:13:BA:C0    0     00                   1476
  2098179 0A:15:AB:04:BA:C0    0     00                   1476
  2098196 0A:15:AB:15:BA:C0    0     00                   1476
  2098184 0A:15:AB:09:BA:C0    0     00                   1476
  2098193 0A:15:AB:12:BA:C0    0     00                   1476
  2098183 0A:15:AB:08:BA:C0    0     00                   1476
  2098195 0A:15:AB:14:BA:C0    0     00                   1476
  2098198 0A:15:AB:17:BA:C0    0     00                   1476
  2098185 0A:15:AB:0A:BA:C0    0     00                   1476
  220020  0A:15:B0:1C:BA:C0    0     00                   1476
  220022  0A:15:B0:1E:BA:C0    0     00                   1476
  220018  0A:15:B0:1A:BA:C0    0     00                   1476
  220014  0A:15:B0:16:BA:C0    0     00                   1476
  220019  0A:15:B0:1B:BA:C0    0     00                   1476
  220023  0A:15:B0:1F:BA:C0    0     00                   1476
  220016  0A:15:B0:18:BA:C0    0     00                   1476
  220000  0A:15:B0:03:BA:C0    0     00                   1476
  220021  0A:15:B0:1D:BA:C0    0     00                   1476
  220011  0A:15:B0:12:BA:C0    0     00                   1476
  220008  0A:15:B0:0F:BA:C0    0     00                   1476
  220004  0A:15:B0:0B:BA:C0    0     00                   1476
  220006  0A:15:B0:0D:BA:C0    0     00                   1476
  220009  0A:15:B0:10:BA:C0    0     00                   1476
  220005  0A:15:B0:0C:BA:C0    0     00                   1476
  220012  0A:15:B0:13:BA:C0    0     00                   1476
  220010  0A:15:B0:11:BA:C0    0     00                   1476
  220001  0A:15:B0:04:BA:C0    0     00                   1476
  220003  0A:15:B0:08:BA:C0    0     00                   1476
  220002  0A:15:B0:07:BA:C0    0     00                   1476
  67      0A:15:B0:19:BA:C1    0     00                   1476
  220015  0A:15:B0:17:BA:C1    0     00                   1476
  220013  0A:15:B0:15:BA:C2    0     00                   1476
  400     0A:15:50:0E:BA:C0    0     00                   480
  600     0A:15:50:10:BA:C2    0     00                   480
  300     0A:15:50:0D:BA:C0    0     00                   480
  800     0A:15:50:12:BA:C0    0     00                   480
  200     0A:15:50:0C:BA:C0    0     00                   480
  500     0A:15:50:0F:BA:C0    0     00                   480
  110     0A:15:50:1F:BA:C6    0     00                   1476
  1000    0A:15:50:0B:BA:C1    0     00                   480
  3638739 0A:15:50:3A:BA:C0    0     00                   1476
  3641436 0A:15:50:3B:BA:C0    0     00                   1476
  3631602 0A:15:50:3C:BA:C0    0     00                   1476
; Total Devices: 79